0.005551
0.041478
0.124666
0.250000
0.390065
0.503417
0.548735
0.500000
0.357393
0.149864
-0.071875
-0.250000
-0.337274
-0.312076
-0.185791
-0.000000
0.185791
0.312076
0.337274
0.250000
0.071875
-0.149864
-0.357393
-0.500000
-0.548735
-0.503417
-0.390065
-0.250000
-0.124666
-0.041478
-0.005551
-0.000000
0.005551
0.041478
0.124666
0.250000
0.390065
0.503417
0.548735
0.500000
0.357393
0.149864
-0.071875
-0.250000
-0.337274
-0.312076
-0.185791
-0.000000
0.185791
0.312076
0.337274
0.250000
0.071875
-0.149864
-0.357393
-0.500000
-0.548735
-0.503417
-0.390065
-0.250000
-0.124666
-0.041478
-0.005551
-0.000000
