Found 32 input samples
After bit reverse
0 - (3.826830e-01,0.000000e+00)
1 - (3.826830e-01,0.000000e+00)
2 - (-3.826830e-01,0.000000e+00)
3 - (-3.826830e-01,0.000000e+00)
4 - (9.238800e-01,0.000000e+00)
5 - (9.238800e-01,0.000000e+00)
6 - (-9.238800e-01,0.000000e+00)
7 - (-9.238800e-01,0.000000e+00)
8 - (9.238800e-01,0.000000e+00)
9 - (9.238800e-01,0.000000e+00)
10 - (-9.238800e-01,0.000000e+00)
11 - (-9.238800e-01,0.000000e+00)
12 - (3.826830e-01,0.000000e+00)
13 - (3.826830e-01,0.000000e+00)
14 - (-3.826830e-01,0.000000e+00)
15 - (-3.826830e-01,0.000000e+00)
16 - (7.071070e-01,0.000000e+00)
17 - (7.071070e-01,0.000000e+00)
18 - (-7.071070e-01,0.000000e+00)
19 - (-7.071070e-01,0.000000e+00)
20 - (7.071070e-01,0.000000e+00)
21 - (7.071070e-01,0.000000e+00)
22 - (-7.071070e-01,0.000000e+00)
23 - (-7.071070e-01,0.000000e+00)
24 - (1.000000e+00,0.000000e+00)
25 - (1.000000e+00,0.000000e+00)
26 - (-1.000000e+00,0.000000e+00)
27 - (-1.000000e+00,0.000000e+00)
28 - (0.000000e+00,0.000000e+00)
29 - (0.000000e+00,0.000000e+00)
30 - (0.000000e+00,0.000000e+00)
31 - (0.000000e+00,0.000000e+00)
Weights are
0 - (1.000000e+00,-0.000000e+00)
1 - (9.807853e-01,-1.950903e-01)
2 - (9.238795e-01,-3.826834e-01)
3 - (8.314696e-01,-5.555702e-01)
4 - (7.071068e-01,-7.071068e-01)
5 - (5.555702e-01,-8.314696e-01)
6 - (3.826834e-01,-9.238795e-01)
7 - (1.950903e-01,-9.807853e-01)
8 - (6.123234e-17,-1.000000e+00)
9 - (-1.950903e-01,-9.807853e-01)
10 - (-3.826834e-01,-9.238795e-01)
11 - (-5.555702e-01,-8.314696e-01)
12 - (-7.071068e-01,-7.071068e-01)
13 - (-8.314696e-01,-5.555702e-01)
14 - (-9.238795e-01,-3.826834e-01)
15 - (-9.807853e-01,-1.950903e-01)
After transform length 2
0 - (7.653660e-01,0.000000e+00)
1 - (0.000000e+00,0.000000e+00)
2 - (-7.653660e-01,0.000000e+00)
3 - (0.000000e+00,0.000000e+00)
4 - (1.847760e+00,0.000000e+00)
5 - (0.000000e+00,0.000000e+00)
6 - (-1.847760e+00,0.000000e+00)
7 - (0.000000e+00,0.000000e+00)
8 - (1.847760e+00,0.000000e+00)
9 - (0.000000e+00,0.000000e+00)
10 - (-1.847760e+00,0.000000e+00)
11 - (0.000000e+00,0.000000e+00)
12 - (7.653660e-01,0.000000e+00)
13 - (0.000000e+00,0.000000e+00)
14 - (-7.653660e-01,0.000000e+00)
15 - (0.000000e+00,0.000000e+00)
16 - (1.414214e+00,0.000000e+00)
17 - (0.000000e+00,0.000000e+00)
18 - (-1.414214e+00,0.000000e+00)
19 - (0.000000e+00,0.000000e+00)
20 - (1.414214e+00,0.000000e+00)
21 - (0.000000e+00,0.000000e+00)
22 - (-1.414214e+00,0.000000e+00)
23 - (0.000000e+00,0.000000e+00)
24 - (2.000000e+00,0.000000e+00)
25 - (0.000000e+00,0.000000e+00)
26 - (-2.000000e+00,0.000000e+00)
27 - (0.000000e+00,0.000000e+00)
28 - (0.000000e+00,0.000000e+00)
29 - (0.000000e+00,0.000000e+00)
30 - (0.000000e+00,0.000000e+00)
31 - (0.000000e+00,0.000000e+00)
After transform length 4
0 - (0.000000e+00,0.000000e+00)
1 - (0.000000e+00,0.000000e+00)
2 - (1.530732e+00,0.000000e+00)
3 - (0.000000e+00,0.000000e+00)
4 - (0.000000e+00,0.000000e+00)
5 - (0.000000e+00,0.000000e+00)
6 - (3.695520e+00,0.000000e+00)
7 - (0.000000e+00,0.000000e+00)
8 - (0.000000e+00,0.000000e+00)
9 - (0.000000e+00,0.000000e+00)
10 - (3.695520e+00,0.000000e+00)
11 - (0.000000e+00,0.000000e+00)
12 - (0.000000e+00,0.000000e+00)
13 - (0.000000e+00,0.000000e+00)
14 - (1.530732e+00,0.000000e+00)
15 - (0.000000e+00,0.000000e+00)
16 - (0.000000e+00,0.000000e+00)
17 - (0.000000e+00,0.000000e+00)
18 - (2.828428e+00,0.000000e+00)
19 - (0.000000e+00,0.000000e+00)
20 - (0.000000e+00,0.000000e+00)
21 - (0.000000e+00,0.000000e+00)
22 - (2.828428e+00,0.000000e+00)
23 - (0.000000e+00,0.000000e+00)
24 - (0.000000e+00,0.000000e+00)
25 - (0.000000e+00,0.000000e+00)
26 - (4.000000e+00,0.000000e+00)
27 - (0.000000e+00,0.000000e+00)
28 - (0.000000e+00,0.000000e+00)
29 - (0.000000e+00,0.000000e+00)
30 - (0.000000e+00,0.000000e+00)
31 - (0.000000e+00,0.000000e+00)
After transform length 8
0 - (0.000000e+00,0.000000e+00)
1 - (0.000000e+00,0.000000e+00)
2 - (1.530732e+00,-3.695520e+00)
3 - (0.000000e+00,0.000000e+00)
4 - (0.000000e+00,0.000000e+00)
5 - (0.000000e+00,0.000000e+00)
6 - (1.530732e+00,3.695520e+00)
7 - (0.000000e+00,0.000000e+00)
8 - (0.000000e+00,0.000000e+00)
9 - (0.000000e+00,0.000000e+00)
10 - (3.695520e+00,-1.530732e+00)
11 - (0.000000e+00,0.000000e+00)
12 - (0.000000e+00,0.000000e+00)
13 - (0.000000e+00,0.000000e+00)
14 - (3.695520e+00,1.530732e+00)
15 - (0.000000e+00,0.000000e+00)
16 - (0.000000e+00,0.000000e+00)
17 - (0.000000e+00,0.000000e+00)
18 - (2.828428e+00,-2.828428e+00)
19 - (0.000000e+00,0.000000e+00)
20 - (0.000000e+00,0.000000e+00)
21 - (0.000000e+00,0.000000e+00)
22 - (2.828428e+00,2.828428e+00)
23 - (0.000000e+00,0.000000e+00)
24 - (0.000000e+00,0.000000e+00)
25 - (0.000000e+00,0.000000e+00)
26 - (4.000000e+00,0.000000e+00)
27 - (0.000000e+00,0.000000e+00)
28 - (0.000000e+00,0.000000e+00)
29 - (0.000000e+00,0.000000e+00)
30 - (4.000000e+00,0.000000e+00)
31 - (0.000000e+00,0.000000e+00)
After transform length 16
0 - (0.000000e+00,0.000000e+00)
1 - (0.000000e+00,0.000000e+00)
2 - (3.061468e+00,-7.391038e+00)
3 - (0.000000e+00,0.000000e+00)
4 - (0.000000e+00,0.000000e+00)
5 - (0.000000e+00,0.000000e+00)
6 - (-4.274631e-06,1.770610e-06)
7 - (0.000000e+00,0.000000e+00)
8 - (0.000000e+00,0.000000e+00)
9 - (0.000000e+00,0.000000e+00)
10 - (-4.274631e-06,-1.770610e-06)
11 - (0.000000e+00,0.000000e+00)
12 - (0.000000e+00,0.000000e+00)
13 - (0.000000e+00,0.000000e+00)
14 - (3.061468e+00,7.391038e+00)
15 - (0.000000e+00,0.000000e+00)
16 - (0.000000e+00,0.000000e+00)
17 - (0.000000e+00,0.000000e+00)
18 - (5.656855e+00,-5.656855e+00)
19 - (0.000000e+00,0.000000e+00)
20 - (0.000000e+00,0.000000e+00)
21 - (0.000000e+00,0.000000e+00)
22 - (8.752538e-07,8.752538e-07)
23 - (0.000000e+00,0.000000e+00)
24 - (0.000000e+00,0.000000e+00)
25 - (0.000000e+00,0.000000e+00)
26 - (8.752538e-07,-8.752538e-07)
27 - (0.000000e+00,0.000000e+00)
28 - (0.000000e+00,0.000000e+00)
29 - (0.000000e+00,0.000000e+00)
30 - (5.656855e+00,5.656855e+00)
31 - (0.000000e+00,0.000000e+00)
After transform length 32
0 - (0.000000e+00,0.000000e+00)
1 - (0.000000e+00,0.000000e+00)
2 - (6.122936e+00,-1.478208e+01)
3 - (0.000000e+00,0.000000e+00)
4 - (0.000000e+00,0.000000e+00)
5 - (0.000000e+00,0.000000e+00)
6 - (-3.131057e-06,1.296926e-06)
7 - (0.000000e+00,0.000000e+00)
8 - (0.000000e+00,0.000000e+00)
9 - (0.000000e+00,0.000000e+00)
10 - (-5.418205e-06,-2.244294e-06)
11 - (0.000000e+00,0.000000e+00)
12 - (0.000000e+00,0.000000e+00)
13 - (0.000000e+00,0.000000e+00)
14 - (3.420266e-07,8.257252e-07)
15 - (0.000000e+00,0.000000e+00)
16 - (0.000000e+00,0.000000e+00)
17 - (0.000000e+00,0.000000e+00)
18 - (3.420266e-07,-8.257252e-07)
19 - (0.000000e+00,0.000000e+00)
20 - (0.000000e+00,0.000000e+00)
21 - (0.000000e+00,0.000000e+00)
22 - (-5.418205e-06,2.244294e-06)
23 - (0.000000e+00,0.000000e+00)
24 - (0.000000e+00,0.000000e+00)
25 - (0.000000e+00,0.000000e+00)
26 - (-3.131057e-06,-1.296926e-06)
27 - (0.000000e+00,0.000000e+00)
28 - (0.000000e+00,0.000000e+00)
29 - (0.000000e+00,0.000000e+00)
30 - (6.122936e+00,1.478208e+01)
31 - (0.000000e+00,0.000000e+00)
Final Transformed Values
0 - (0.000000e+00,0.000000e+00)
1 - (0.000000e+00,0.000000e+00)
2 - (6.122936e+00,-1.478208e+01)
3 - (0.000000e+00,0.000000e+00)
4 - (0.000000e+00,0.000000e+00)
5 - (0.000000e+00,0.000000e+00)
6 - (-3.131057e-06,1.296926e-06)
7 - (0.000000e+00,0.000000e+00)
8 - (0.000000e+00,0.000000e+00)
9 - (0.000000e+00,0.000000e+00)
10 - (-5.418205e-06,-2.244294e-06)
11 - (0.000000e+00,0.000000e+00)
12 - (0.000000e+00,0.000000e+00)
13 - (0.000000e+00,0.000000e+00)
14 - (3.420266e-07,8.257252e-07)
15 - (0.000000e+00,0.000000e+00)
16 - (0.000000e+00,0.000000e+00)
17 - (0.000000e+00,0.000000e+00)
18 - (3.420266e-07,-8.257252e-07)
19 - (0.000000e+00,0.000000e+00)
20 - (0.000000e+00,0.000000e+00)
21 - (0.000000e+00,0.000000e+00)
22 - (-5.418205e-06,2.244294e-06)
23 - (0.000000e+00,0.000000e+00)
24 - (0.000000e+00,0.000000e+00)
25 - (0.000000e+00,0.000000e+00)
26 - (-3.131057e-06,-1.296926e-06)
27 - (0.000000e+00,0.000000e+00)
28 - (0.000000e+00,0.000000e+00)
29 - (0.000000e+00,0.000000e+00)
30 - (6.122936e+00,1.478208e+01)
31 - (0.000000e+00,0.000000e+00)
