Found 64 input samples
After bit reverse
0 - (5.551000e-03,0.000000e+00)
1 - (5.551000e-03,0.000000e+00)
2 - (1.857910e-01,0.000000e+00)
3 - (1.857910e-01,0.000000e+00)
4 - (3.573930e-01,0.000000e+00)
5 - (3.573930e-01,0.000000e+00)
6 - (-5.487350e-01,0.000000e+00)
7 - (-5.487350e-01,0.000000e+00)
8 - (3.900650e-01,0.000000e+00)
9 - (3.900650e-01,0.000000e+00)
10 - (7.187500e-02,0.000000e+00)
11 - (7.187500e-02,0.000000e+00)
12 - (-3.372740e-01,0.000000e+00)
13 - (-3.372740e-01,0.000000e+00)
14 - (-1.246660e-01,0.000000e+00)
15 - (-1.246660e-01,0.000000e+00)
16 - (1.246660e-01,0.000000e+00)
17 - (1.246660e-01,0.000000e+00)
18 - (3.372740e-01,0.000000e+00)
19 - (3.372740e-01,0.000000e+00)
20 - (-7.187500e-02,0.000000e+00)
21 - (-7.187500e-02,0.000000e+00)
22 - (-3.900650e-01,0.000000e+00)
23 - (-3.900650e-01,0.000000e+00)
24 - (5.487350e-01,0.000000e+00)
25 - (5.487350e-01,0.000000e+00)
26 - (-3.573930e-01,0.000000e+00)
27 - (-3.573930e-01,0.000000e+00)
28 - (-1.857910e-01,0.000000e+00)
29 - (-1.857910e-01,0.000000e+00)
30 - (-5.551000e-03,0.000000e+00)
31 - (-5.551000e-03,0.000000e+00)
32 - (4.147800e-02,0.000000e+00)
33 - (4.147800e-02,0.000000e+00)
34 - (3.120760e-01,0.000000e+00)
35 - (3.120760e-01,0.000000e+00)
36 - (1.498640e-01,0.000000e+00)
37 - (1.498640e-01,0.000000e+00)
38 - (-5.034170e-01,0.000000e+00)
39 - (-5.034170e-01,0.000000e+00)
40 - (5.034170e-01,0.000000e+00)
41 - (5.034170e-01,0.000000e+00)
42 - (-1.498640e-01,0.000000e+00)
43 - (-1.498640e-01,0.000000e+00)
44 - (-3.120760e-01,0.000000e+00)
45 - (-3.120760e-01,0.000000e+00)
46 - (-4.147800e-02,0.000000e+00)
47 - (-4.147800e-02,0.000000e+00)
48 - (2.500000e-01,0.000000e+00)
49 - (2.500000e-01,0.000000e+00)
50 - (2.500000e-01,0.000000e+00)
51 - (2.500000e-01,0.000000e+00)
52 - (-2.500000e-01,0.000000e+00)
53 - (-2.500000e-01,0.000000e+00)
54 - (-2.500000e-01,0.000000e+00)
55 - (-2.500000e-01,0.000000e+00)
56 - (5.000000e-01,0.000000e+00)
57 - (5.000000e-01,0.000000e+00)
58 - (-5.000000e-01,0.000000e+00)
59 - (-5.000000e-01,0.000000e+00)
60 - (0.000000e+00,0.000000e+00)
61 - (0.000000e+00,0.000000e+00)
62 - (0.000000e+00,0.000000e+00)
63 - (0.000000e+00,0.000000e+00)
Weights are
0 - (1.000000e+00,-0.000000e+00)
1 - (9.951847e-01,-9.801714e-02)
2 - (9.807853e-01,-1.950903e-01)
3 - (9.569403e-01,-2.902847e-01)
4 - (9.238795e-01,-3.826834e-01)
5 - (8.819213e-01,-4.713967e-01)
6 - (8.314696e-01,-5.555702e-01)
7 - (7.730105e-01,-6.343933e-01)
8 - (7.071068e-01,-7.071068e-01)
9 - (6.343933e-01,-7.730105e-01)
10 - (5.555702e-01,-8.314696e-01)
11 - (4.713967e-01,-8.819213e-01)
12 - (3.826834e-01,-9.238795e-01)
13 - (2.902847e-01,-9.569403e-01)
14 - (1.950903e-01,-9.807853e-01)
15 - (9.801714e-02,-9.951847e-01)
16 - (6.123234e-17,-1.000000e+00)
17 - (-9.801714e-02,-9.951847e-01)
18 - (-1.950903e-01,-9.807853e-01)
19 - (-2.902847e-01,-9.569403e-01)
20 - (-3.826834e-01,-9.238795e-01)
21 - (-4.713967e-01,-8.819213e-01)
22 - (-5.555702e-01,-8.314696e-01)
23 - (-6.343933e-01,-7.730105e-01)
24 - (-7.071068e-01,-7.071068e-01)
25 - (-7.730105e-01,-6.343933e-01)
26 - (-8.314696e-01,-5.555702e-01)
27 - (-8.819213e-01,-4.713967e-01)
28 - (-9.238795e-01,-3.826834e-01)
29 - (-9.569403e-01,-2.902847e-01)
30 - (-9.807853e-01,-1.950903e-01)
31 - (-9.951847e-01,-9.801714e-02)
After transform length 2
0 - (1.110200e-02,0.000000e+00)
1 - (0.000000e+00,0.000000e+00)
2 - (3.715820e-01,0.000000e+00)
3 - (0.000000e+00,0.000000e+00)
4 - (7.147860e-01,0.000000e+00)
5 - (0.000000e+00,0.000000e+00)
6 - (-1.097470e+00,0.000000e+00)
7 - (0.000000e+00,0.000000e+00)
8 - (7.801300e-01,0.000000e+00)
9 - (0.000000e+00,0.000000e+00)
10 - (1.437500e-01,0.000000e+00)
11 - (0.000000e+00,0.000000e+00)
12 - (-6.745480e-01,0.000000e+00)
13 - (0.000000e+00,0.000000e+00)
14 - (-2.493320e-01,0.000000e+00)
15 - (0.000000e+00,0.000000e+00)
16 - (2.493320e-01,0.000000e+00)
17 - (0.000000e+00,0.000000e+00)
18 - (6.745480e-01,0.000000e+00)
19 - (0.000000e+00,0.000000e+00)
20 - (-1.437500e-01,0.000000e+00)
21 - (0.000000e+00,0.000000e+00)
22 - (-7.801300e-01,0.000000e+00)
23 - (0.000000e+00,0.000000e+00)
24 - (1.097470e+00,0.000000e+00)
25 - (0.000000e+00,0.000000e+00)
26 - (-7.147860e-01,0.000000e+00)
27 - (0.000000e+00,0.000000e+00)
28 - (-3.715820e-01,0.000000e+00)
29 - (0.000000e+00,0.000000e+00)
30 - (-1.110200e-02,0.000000e+00)
31 - (0.000000e+00,0.000000e+00)
32 - (8.295600e-02,0.000000e+00)
33 - (0.000000e+00,0.000000e+00)
34 - (6.241520e-01,0.000000e+00)
35 - (0.000000e+00,0.000000e+00)
36 - (2.997280e-01,0.000000e+00)
37 - (0.000000e+00,0.000000e+00)
38 - (-1.006834e+00,0.000000e+00)
39 - (0.000000e+00,0.000000e+00)
40 - (1.006834e+00,0.000000e+00)
41 - (0.000000e+00,0.000000e+00)
42 - (-2.997280e-01,0.000000e+00)
43 - (0.000000e+00,0.000000e+00)
44 - (-6.241520e-01,0.000000e+00)
45 - (0.000000e+00,0.000000e+00)
46 - (-8.295600e-02,0.000000e+00)
47 - (0.000000e+00,0.000000e+00)
48 - (5.000000e-01,0.000000e+00)
49 - (0.000000e+00,0.000000e+00)
50 - (5.000000e-01,0.000000e+00)
51 - (0.000000e+00,0.000000e+00)
52 - (-5.000000e-01,0.000000e+00)
53 - (0.000000e+00,0.000000e+00)
54 - (-5.000000e-01,0.000000e+00)
55 - (0.000000e+00,0.000000e+00)
56 - (1.000000e+00,0.000000e+00)
57 - (0.000000e+00,0.000000e+00)
58 - (-1.000000e+00,0.000000e+00)
59 - (0.000000e+00,0.000000e+00)
60 - (0.000000e+00,0.000000e+00)
61 - (0.000000e+00,0.000000e+00)
62 - (0.000000e+00,0.000000e+00)
63 - (0.000000e+00,0.000000e+00)
After transform length 4
0 - (3.826840e-01,0.000000e+00)
1 - (0.000000e+00,0.000000e+00)
2 - (-3.604800e-01,0.000000e+00)
3 - (0.000000e+00,0.000000e+00)
4 - (-3.826840e-01,0.000000e+00)
5 - (0.000000e+00,0.000000e+00)
6 - (1.812256e+00,0.000000e+00)
7 - (0.000000e+00,0.000000e+00)
8 - (9.238800e-01,0.000000e+00)
9 - (0.000000e+00,0.000000e+00)
10 - (6.363800e-01,0.000000e+00)
11 - (0.000000e+00,0.000000e+00)
12 - (-9.238800e-01,0.000000e+00)
13 - (0.000000e+00,0.000000e+00)
14 - (-4.252160e-01,0.000000e+00)
15 - (0.000000e+00,0.000000e+00)
16 - (9.238800e-01,0.000000e+00)
17 - (0.000000e+00,0.000000e+00)
18 - (-4.252160e-01,0.000000e+00)
19 - (0.000000e+00,0.000000e+00)
20 - (-9.238800e-01,0.000000e+00)
21 - (0.000000e+00,0.000000e+00)
22 - (6.363800e-01,0.000000e+00)
23 - (0.000000e+00,0.000000e+00)
24 - (3.826840e-01,0.000000e+00)
25 - (0.000000e+00,0.000000e+00)
26 - (1.812256e+00,0.000000e+00)
27 - (0.000000e+00,0.000000e+00)
28 - (-3.826840e-01,0.000000e+00)
29 - (0.000000e+00,0.000000e+00)
30 - (-3.604800e-01,0.000000e+00)
31 - (0.000000e+00,0.000000e+00)
32 - (7.071080e-01,0.000000e+00)
33 - (0.000000e+00,0.000000e+00)
34 - (-5.411960e-01,0.000000e+00)
35 - (0.000000e+00,0.000000e+00)
36 - (-7.071060e-01,0.000000e+00)
37 - (0.000000e+00,0.000000e+00)
38 - (1.306562e+00,0.000000e+00)
39 - (0.000000e+00,0.000000e+00)
40 - (7.071060e-01,0.000000e+00)
41 - (0.000000e+00,0.000000e+00)
42 - (1.306562e+00,0.000000e+00)
43 - (0.000000e+00,0.000000e+00)
44 - (-7.071080e-01,0.000000e+00)
45 - (0.000000e+00,0.000000e+00)
46 - (-5.411960e-01,0.000000e+00)
47 - (0.000000e+00,0.000000e+00)
48 - (1.000000e+00,0.000000e+00)
49 - (0.000000e+00,0.000000e+00)
50 - (0.000000e+00,0.000000e+00)
51 - (0.000000e+00,0.000000e+00)
52 - (-1.000000e+00,0.000000e+00)
53 - (0.000000e+00,0.000000e+00)
54 - (0.000000e+00,0.000000e+00)
55 - (0.000000e+00,0.000000e+00)
56 - (0.000000e+00,0.000000e+00)
57 - (0.000000e+00,0.000000e+00)
58 - (2.000000e+00,0.000000e+00)
59 - (0.000000e+00,0.000000e+00)
60 - (0.000000e+00,0.000000e+00)
61 - (0.000000e+00,0.000000e+00)
62 - (0.000000e+00,0.000000e+00)
63 - (0.000000e+00,0.000000e+00)
After transform length 8
0 - (0.000000e+00,0.000000e+00)
1 - (0.000000e+00,0.000000e+00)
2 - (-3.604800e-01,-1.812256e+00)
3 - (0.000000e+00,0.000000e+00)
4 - (7.653680e-01,0.000000e+00)
5 - (0.000000e+00,0.000000e+00)
6 - (-3.604800e-01,1.812256e+00)
7 - (0.000000e+00,0.000000e+00)
8 - (0.000000e+00,0.000000e+00)
9 - (0.000000e+00,0.000000e+00)
10 - (6.363800e-01,4.252160e-01)
11 - (0.000000e+00,0.000000e+00)
12 - (1.847760e+00,0.000000e+00)
13 - (0.000000e+00,0.000000e+00)
14 - (6.363800e-01,-4.252160e-01)
15 - (0.000000e+00,0.000000e+00)
16 - (0.000000e+00,0.000000e+00)
17 - (0.000000e+00,0.000000e+00)
18 - (-4.252160e-01,-6.363800e-01)
19 - (0.000000e+00,0.000000e+00)
20 - (1.847760e+00,0.000000e+00)
21 - (0.000000e+00,0.000000e+00)
22 - (-4.252160e-01,6.363800e-01)
23 - (0.000000e+00,0.000000e+00)
24 - (0.000000e+00,0.000000e+00)
25 - (0.000000e+00,0.000000e+00)
26 - (1.812256e+00,3.604800e-01)
27 - (0.000000e+00,0.000000e+00)
28 - (7.653680e-01,0.000000e+00)
29 - (0.000000e+00,0.000000e+00)
30 - (1.812256e+00,-3.604800e-01)
31 - (0.000000e+00,0.000000e+00)
32 - (2.000000e-06,0.000000e+00)
33 - (0.000000e+00,0.000000e+00)
34 - (-5.411960e-01,-1.306562e+00)
35 - (0.000000e+00,0.000000e+00)
36 - (1.414214e+00,0.000000e+00)
37 - (0.000000e+00,0.000000e+00)
38 - (-5.411960e-01,1.306562e+00)
39 - (0.000000e+00,0.000000e+00)
40 - (-2.000000e-06,0.000000e+00)
41 - (0.000000e+00,0.000000e+00)
42 - (1.306562e+00,5.411960e-01)
43 - (0.000000e+00,0.000000e+00)
44 - (1.414214e+00,0.000000e+00)
45 - (0.000000e+00,0.000000e+00)
46 - (1.306562e+00,-5.411960e-01)
47 - (0.000000e+00,0.000000e+00)
48 - (0.000000e+00,0.000000e+00)
49 - (0.000000e+00,0.000000e+00)
50 - (0.000000e+00,0.000000e+00)
51 - (0.000000e+00,0.000000e+00)
52 - (2.000000e+00,0.000000e+00)
53 - (0.000000e+00,0.000000e+00)
54 - (0.000000e+00,0.000000e+00)
55 - (0.000000e+00,0.000000e+00)
56 - (0.000000e+00,0.000000e+00)
57 - (0.000000e+00,0.000000e+00)
58 - (2.000000e+00,0.000000e+00)
59 - (0.000000e+00,0.000000e+00)
60 - (0.000000e+00,0.000000e+00)
61 - (0.000000e+00,0.000000e+00)
62 - (2.000000e+00,0.000000e+00)
63 - (0.000000e+00,0.000000e+00)
After transform length 16
0 - (0.000000e+00,0.000000e+00)
1 - (0.000000e+00,0.000000e+00)
2 - (3.901817e-01,-1.961571e+00)
3 - (0.000000e+00,0.000000e+00)
4 - (7.653680e-01,-1.847760e+00)
5 - (0.000000e+00,0.000000e+00)
6 - (-1.111142e+00,1.662941e+00)
7 - (0.000000e+00,0.000000e+00)
8 - (0.000000e+00,0.000000e+00)
9 - (0.000000e+00,0.000000e+00)
10 - (-1.111142e+00,-1.662941e+00)
11 - (0.000000e+00,0.000000e+00)
12 - (7.653680e-01,1.847760e+00)
13 - (0.000000e+00,0.000000e+00)
14 - (3.901817e-01,1.961571e+00)
15 - (0.000000e+00,0.000000e+00)
16 - (0.000000e+00,0.000000e+00)
17 - (0.000000e+00,0.000000e+00)
18 - (1.111140e+00,-1.662941e+00)
19 - (0.000000e+00,0.000000e+00)
20 - (1.847760e+00,-7.653680e-01)
21 - (0.000000e+00,0.000000e+00)
22 - (-1.961572e+00,-3.901807e-01)
23 - (0.000000e+00,0.000000e+00)
24 - (0.000000e+00,0.000000e+00)
25 - (0.000000e+00,0.000000e+00)
26 - (-1.961572e+00,3.901807e-01)
27 - (0.000000e+00,0.000000e+00)
28 - (1.847760e+00,7.653680e-01)
29 - (0.000000e+00,0.000000e+00)
30 - (1.111140e+00,1.662941e+00)
31 - (0.000000e+00,0.000000e+00)
32 - (0.000000e+00,0.000000e+00)
33 - (0.000000e+00,0.000000e+00)
34 - (7.653662e-01,-1.847757e+00)
35 - (0.000000e+00,0.000000e+00)
36 - (1.414214e+00,-1.414214e+00)
37 - (0.000000e+00,0.000000e+00)
38 - (-1.847758e+00,7.653665e-01)
39 - (0.000000e+00,0.000000e+00)
40 - (4.000000e-06,0.000000e+00)
41 - (0.000000e+00,0.000000e+00)
42 - (-1.847758e+00,-7.653665e-01)
43 - (0.000000e+00,0.000000e+00)
44 - (1.414214e+00,1.414214e+00)
45 - (0.000000e+00,0.000000e+00)
46 - (7.653662e-01,1.847757e+00)
47 - (0.000000e+00,0.000000e+00)
48 - (0.000000e+00,0.000000e+00)
49 - (0.000000e+00,0.000000e+00)
50 - (1.414214e+00,-1.414214e+00)
51 - (0.000000e+00,0.000000e+00)
52 - (2.000000e+00,0.000000e+00)
53 - (0.000000e+00,0.000000e+00)
54 - (-1.414214e+00,-1.414214e+00)
55 - (0.000000e+00,0.000000e+00)
56 - (0.000000e+00,0.000000e+00)
57 - (0.000000e+00,0.000000e+00)
58 - (-1.414214e+00,1.414214e+00)
59 - (0.000000e+00,0.000000e+00)
60 - (2.000000e+00,0.000000e+00)
61 - (0.000000e+00,0.000000e+00)
62 - (1.414214e+00,1.414214e+00)
63 - (0.000000e+00,0.000000e+00)
After transform length 32
0 - (0.000000e+00,0.000000e+00)
1 - (0.000000e+00,0.000000e+00)
2 - (7.803617e-01,-3.923143e+00)
3 - (0.000000e+00,0.000000e+00)
4 - (1.530735e+00,-3.695521e+00)
5 - (0.000000e+00,0.000000e+00)
6 - (-2.222283e+00,3.325881e+00)
7 - (0.000000e+00,0.000000e+00)
8 - (0.000000e+00,0.000000e+00)
9 - (0.000000e+00,0.000000e+00)
10 - (-5.666317e-07,3.786112e-07)
11 - (0.000000e+00,0.000000e+00)
12 - (1.276898e-06,-5.289084e-07)
13 - (0.000000e+00,0.000000e+00)
14 - (1.732181e-06,-3.445523e-07)
15 - (0.000000e+00,0.000000e+00)
16 - (0.000000e+00,0.000000e+00)
17 - (0.000000e+00,0.000000e+00)
18 - (1.732181e-06,3.445523e-07)
19 - (0.000000e+00,0.000000e+00)
20 - (1.276898e-06,5.289084e-07)
21 - (0.000000e+00,0.000000e+00)
22 - (-5.666317e-07,-3.786112e-07)
23 - (0.000000e+00,0.000000e+00)
24 - (0.000000e+00,0.000000e+00)
25 - (0.000000e+00,0.000000e+00)
26 - (-2.222283e+00,-3.325881e+00)
27 - (0.000000e+00,0.000000e+00)
28 - (1.530735e+00,3.695521e+00)
29 - (0.000000e+00,0.000000e+00)
30 - (7.803617e-01,3.923143e+00)
31 - (0.000000e+00,0.000000e+00)
32 - (0.000000e+00,0.000000e+00)
33 - (0.000000e+00,0.000000e+00)
34 - (1.530733e+00,-3.695517e+00)
35 - (0.000000e+00,0.000000e+00)
36 - (2.828428e+00,-2.828428e+00)
37 - (0.000000e+00,0.000000e+00)
38 - (-3.695517e+00,1.530733e+00)
39 - (0.000000e+00,0.000000e+00)
40 - (4.000000e-06,0.000000e+00)
41 - (0.000000e+00,0.000000e+00)
42 - (8.532309e-07,3.534198e-07)
43 - (0.000000e+00,0.000000e+00)
44 - (4.376269e-07,4.376269e-07)
45 - (0.000000e+00,0.000000e+00)
46 - (-6.529385e-07,-1.576333e-06)
47 - (0.000000e+00,0.000000e+00)
48 - (0.000000e+00,0.000000e+00)
49 - (0.000000e+00,0.000000e+00)
50 - (-6.529385e-07,1.576333e-06)
51 - (0.000000e+00,0.000000e+00)
52 - (4.376269e-07,-4.376269e-07)
53 - (0.000000e+00,0.000000e+00)
54 - (8.532309e-07,-3.534198e-07)
55 - (0.000000e+00,0.000000e+00)
56 - (4.000000e-06,0.000000e+00)
57 - (0.000000e+00,0.000000e+00)
58 - (-3.695517e+00,-1.530733e+00)
59 - (0.000000e+00,0.000000e+00)
60 - (2.828428e+00,2.828428e+00)
61 - (0.000000e+00,0.000000e+00)
62 - (1.530733e+00,3.695517e+00)
63 - (0.000000e+00,0.000000e+00)
After transform length 64
0 - (0.000000e+00,0.000000e+00)
1 - (0.000000e+00,0.000000e+00)
2 - (1.560723e+00,-7.846283e+00)
3 - (0.000000e+00,0.000000e+00)
4 - (3.061469e+00,-7.391039e+00)
5 - (0.000000e+00,0.000000e+00)
6 - (-4.444563e+00,6.651759e+00)
7 - (0.000000e+00,0.000000e+00)
8 - (2.828427e-06,-2.828427e-06)
9 - (0.000000e+00,0.000000e+00)
10 - (2.012558e-07,-1.344748e-07)
11 - (0.000000e+00,0.000000e+00)
12 - (1.848685e-06,-7.657504e-07)
13 - (0.000000e+00,0.000000e+00)
14 - (5.875530e-08,-1.168716e-08)
15 - (0.000000e+00,0.000000e+00)
16 - (0.000000e+00,0.000000e+00)
17 - (0.000000e+00,0.000000e+00)
18 - (3.405608e-06,6.774175e-07)
19 - (0.000000e+00,0.000000e+00)
20 - (7.051108e-07,2.920665e-07)
21 - (0.000000e+00,0.000000e+00)
22 - (-1.334519e-06,-8.916972e-07)
23 - (0.000000e+00,0.000000e+00)
24 - (-2.828427e-06,-2.828427e-06)
25 - (0.000000e+00,0.000000e+00)
26 - (-2.475337e-06,-3.704604e-06)
27 - (0.000000e+00,0.000000e+00)
28 - (7.567997e-07,1.827076e-06)
29 - (0.000000e+00,0.000000e+00)
30 - (7.735802e-07,3.889050e-06)
31 - (0.000000e+00,0.000000e+00)
32 - (0.000000e+00,0.000000e+00)
33 - (0.000000e+00,0.000000e+00)
34 - (7.735802e-07,-3.889050e-06)
35 - (0.000000e+00,0.000000e+00)
36 - (7.567997e-07,-1.827076e-06)
37 - (0.000000e+00,0.000000e+00)
38 - (-2.475337e-06,3.704604e-06)
39 - (0.000000e+00,0.000000e+00)
40 - (-2.828427e-06,2.828427e-06)
41 - (0.000000e+00,0.000000e+00)
42 - (-1.334519e-06,8.916972e-07)
43 - (0.000000e+00,0.000000e+00)
44 - (7.051108e-07,-2.920665e-07)
45 - (0.000000e+00,0.000000e+00)
46 - (3.405608e-06,-6.774175e-07)
47 - (0.000000e+00,0.000000e+00)
48 - (0.000000e+00,0.000000e+00)
49 - (0.000000e+00,0.000000e+00)
50 - (5.875530e-08,1.168716e-08)
51 - (0.000000e+00,0.000000e+00)
52 - (1.848685e-06,7.657504e-07)
53 - (0.000000e+00,0.000000e+00)
54 - (2.012558e-07,1.344748e-07)
55 - (0.000000e+00,0.000000e+00)
56 - (2.828427e-06,2.828427e-06)
57 - (0.000000e+00,0.000000e+00)
58 - (-4.444563e+00,-6.651759e+00)
59 - (0.000000e+00,0.000000e+00)
60 - (3.061469e+00,7.391039e+00)
61 - (0.000000e+00,0.000000e+00)
62 - (1.560723e+00,7.846283e+00)
63 - (0.000000e+00,0.000000e+00)
Final Transformed Values
0 - (0.000000e+00,0.000000e+00)
1 - (0.000000e+00,0.000000e+00)
2 - (1.560723e+00,-7.846283e+00)
3 - (0.000000e+00,0.000000e+00)
4 - (3.061469e+00,-7.391039e+00)
5 - (0.000000e+00,0.000000e+00)
6 - (-4.444563e+00,6.651759e+00)
7 - (0.000000e+00,0.000000e+00)
8 - (2.828427e-06,-2.828427e-06)
9 - (0.000000e+00,0.000000e+00)
10 - (2.012558e-07,-1.344748e-07)
11 - (0.000000e+00,0.000000e+00)
12 - (1.848685e-06,-7.657504e-07)
13 - (0.000000e+00,0.000000e+00)
14 - (5.875530e-08,-1.168716e-08)
15 - (0.000000e+00,0.000000e+00)
16 - (0.000000e+00,0.000000e+00)
17 - (0.000000e+00,0.000000e+00)
18 - (3.405608e-06,6.774175e-07)
19 - (0.000000e+00,0.000000e+00)
20 - (7.051108e-07,2.920665e-07)
21 - (0.000000e+00,0.000000e+00)
22 - (-1.334519e-06,-8.916972e-07)
23 - (0.000000e+00,0.000000e+00)
24 - (-2.828427e-06,-2.828427e-06)
25 - (0.000000e+00,0.000000e+00)
26 - (-2.475337e-06,-3.704604e-06)
27 - (0.000000e+00,0.000000e+00)
28 - (7.567997e-07,1.827076e-06)
29 - (0.000000e+00,0.000000e+00)
30 - (7.735802e-07,3.889050e-06)
31 - (0.000000e+00,0.000000e+00)
32 - (0.000000e+00,0.000000e+00)
33 - (0.000000e+00,0.000000e+00)
34 - (7.735802e-07,-3.889050e-06)
35 - (0.000000e+00,0.000000e+00)
36 - (7.567997e-07,-1.827076e-06)
37 - (0.000000e+00,0.000000e+00)
38 - (-2.475337e-06,3.704604e-06)
39 - (0.000000e+00,0.000000e+00)
40 - (-2.828427e-06,2.828427e-06)
41 - (0.000000e+00,0.000000e+00)
42 - (-1.334519e-06,8.916972e-07)
43 - (0.000000e+00,0.000000e+00)
44 - (7.051108e-07,-2.920665e-07)
45 - (0.000000e+00,0.000000e+00)
46 - (3.405608e-06,-6.774175e-07)
47 - (0.000000e+00,0.000000e+00)
48 - (0.000000e+00,0.000000e+00)
49 - (0.000000e+00,0.000000e+00)
50 - (5.875530e-08,1.168716e-08)
51 - (0.000000e+00,0.000000e+00)
52 - (1.848685e-06,7.657504e-07)
53 - (0.000000e+00,0.000000e+00)
54 - (2.012558e-07,1.344748e-07)
55 - (0.000000e+00,0.000000e+00)
56 - (2.828427e-06,2.828427e-06)
57 - (0.000000e+00,0.000000e+00)
58 - (-4.444563e+00,-6.651759e+00)
59 - (0.000000e+00,0.000000e+00)
60 - (3.061469e+00,7.391039e+00)
61 - (0.000000e+00,0.000000e+00)
62 - (1.560723e+00,7.846283e+00)
63 - (0.000000e+00,0.000000e+00)
